function [ pressure ] = behr_pres_levels(  )
%BEHR_PRES_LEVELS Return the standard pressure levels used in the BEHR retrieval

pressure = [1020 1015 1010 1005 1000 990 980 970 960 945 925 900 875 850 825 800 770 740 700 660 610 560 500 450 400 350 280 200];

end

